#Layer_Color=9474304
#
#Feature symbol names
#
$0 r6.6666
$1 r5

#
#Feature attribute names
#

#
#Layer features
#
A 0.1125197 0.0925196 0.1125197 0.0925196 0.0925197 0.0925196 0 P 0 N
A 0.1125197 2.269685 0.1125197 2.269685 0.0925197 2.269685 0 P 0 N
A 2.289685 0.0925196 2.289685 0.0925196 2.269685 0.0925196 0 P 0 N
A 2.289685 2.269685 2.289685 2.269685 2.269685 2.269685 0 P 0 N
L 0.0441339 1.854 0.0441339 1.894 1 P 0
L 0.0441339 1.854 0.0841339 1.854 1 P 0
L 0.0441339 1.894 0.0841339 1.894 1 P 0
L 0.0445905 1.931 0.0445905 1.971 1 P 0
L 0.0445905 1.931 0.0845905 1.931 1 P 0
L 0.0445905 1.971 0.0845905 1.971 1 P 0
L 0.0841339 1.854 0.0841339 1.894 1 P 0
L 0.0845905 1.931 0.0845905 1.971 1 P 0
L 0.1704173 1.766 0.1704173 1.806 1 P 0
L 0.1704173 1.766 0.2104173 1.766 1 P 0
L 0.1704173 1.806 0.2104173 1.806 1 P 0
L 0.1715552 1.6837086 0.1715552 1.7237086 1 P 0
L 0.1715552 1.6837086 0.2115552 1.6837086 1 P 0
L 0.1715552 1.7237086 0.2115552 1.7237086 1 P 0
L 0.182 2.092 0.182 2.132 1 P 0
L 0.182 2.092 0.222 2.092 1 P 0
L 0.182 2.132 0.222 2.132 1 P 0
L 0.2064688 1.8820788 0.2064688 1.9220788 1 P 0
L 0.2064688 1.8820788 0.2464688 1.8820788 1 P 0
L 0.2064688 1.9220788 0.2464688 1.9220788 1 P 0
L 0.2064688 1.9383134 0.2064688 1.9783134 1 P 0
L 0.2064688 1.9383134 0.2464688 1.9383134 1 P 0
L 0.2064688 1.9783134 0.2464688 1.9783134 1 P 0
L 0.2092232 2.27 0.2092232 2.31 1 P 0
L 0.2092232 2.27 0.2492232 2.27 1 P 0
L 0.2092232 2.31 0.2492232 2.31 1 P 0
L 0.2104173 1.766 0.2104173 1.806 1 P 0
L 0.2115552 1.6837086 0.2115552 1.7237086 1 P 0
L 0.222 2.092 0.222 2.132 1 P 0
L 0.22685 2.1774803 0.22685 2.2174803 1 P 0
L 0.22685 2.1774803 0.26685 2.1774803 1 P 0
L 0.22685 2.2174803 0.26685 2.2174803 1 P 0
L 0.2345434 1.8820788 0.2345434 1.9220788 1 P 0
L 0.2345434 1.8820788 0.2745434 1.8820788 1 P 0
L 0.2345434 1.9220788 0.2745434 1.9220788 1 P 0
L 0.2345434 1.9383134 0.2345434 1.9783134 1 P 0
L 0.2345434 1.9383134 0.2745434 1.9383134 1 P 0
L 0.2345434 1.9783134 0.2745434 1.9783134 1 P 0
L 0.2464688 1.8820788 0.2464688 1.9220788 1 P 0
L 0.2464688 1.9383134 0.2464688 1.9783134 1 P 0
L 0.2492232 2.27 0.2492232 2.31 1 P 0
L 0.26685 2.1774803 0.26685 2.2174803 1 P 0
L 0.2745434 1.8820788 0.2745434 1.9220788 1 P 0
L 0.2745434 1.9383134 0.2745434 1.9783134 1 P 0
L 0.2903739 0.3017116 0.2903739 0.3417116 1 P 0
L 0.2903739 0.3017116 0.3303739 0.3017116 1 P 0
L 0.2903739 0.3417116 0.3303739 0.3417116 1 P 0
L 0.2903772 0.5700629 0.2903772 0.6100629 1 P 0
L 0.2903772 0.5700629 0.3303772 0.5700629 1 P 0
L 0.2903772 0.6100629 0.3303772 0.6100629 1 P 0
L 0.2975355 1.87 0.2975355 1.91 1 P 0
L 0.2975355 1.87 0.3375355 1.87 1 P 0
L 0.2975355 1.91 0.3375355 1.91 1 P 0
L 0.2998141 0.6338188 0.2998141 0.6738188 1 P 0
L 0.2998141 0.6338188 0.3398141 0.6338188 1 P 0
L 0.2998141 0.6738188 0.3398141 0.6738188 1 P 0
L 0.3006495 1.2915116 0.3006495 1.3315116 1 P 0
L 0.3006495 1.2915116 0.3406495 1.2915116 1 P 0
L 0.3006495 1.3315116 0.3406495 1.3315116 1 P 0
L 0.3266654 1.7216737 0.3266654 1.7616737 1 P 0
L 0.3266654 1.7216737 0.3666654 1.7216737 1 P 0
L 0.3266654 1.7616737 0.3666654 1.7616737 1 P 0
L 0.3303739 0.3017116 0.3303739 0.3417116 1 P 0
L 0.3303772 0.5700629 0.3303772 0.6100629 1 P 0
L 0.3375355 1.87 0.3375355 1.91 1 P 0
L 0.3398141 0.6338188 0.3398141 0.6738188 1 P 0
L 0.3406495 1.2915116 0.3406495 1.3315116 1 P 0
L 0.3448741 1.5247875 0.3448741 1.5647875 1 P 0
L 0.3448741 1.5247875 0.3848741 1.5247875 1 P 0
L 0.3448741 1.5647875 0.3848741 1.5647875 1 P 0
L 0.3456654 1.6117079 0.3456654 1.6517079 1 P 0
L 0.3456654 1.6117079 0.3856654 1.6117079 1 P 0
L 0.3456654 1.6517079 0.3856654 1.6517079 1 P 0
L 0.3666654 1.7216737 0.3666654 1.7616737 1 P 0
L 0.3684016 1.6352914 0.3684016 1.6752914 1 P 0
L 0.3684016 1.6352914 0.4084016 1.6352914 1 P 0
L 0.3684016 1.6752914 0.4084016 1.6752914 1 P 0
L 0.3848741 1.5247875 0.3848741 1.5647875 1 P 0
L 0.3856654 1.6117079 0.3856654 1.6517079 1 P 0
L 0.4084016 1.6352914 0.4084016 1.6752914 1 P 0
L 0.411315 1.451 0.411315 1.491 1 P 0
L 0.411315 1.451 0.451315 1.451 1 P 0
L 0.411315 1.491 0.451315 1.491 1 P 0
L 0.411315 1.6925669 0.421315 1.7125669 1 P 0
L 0.411315 1.6925669 0.431315 1.7025669 1 P 0
L 0.411315 1.728 0.421315 1.748 1 P 0
L 0.411315 1.728 0.431315 1.738 1 P 0
L 0.411315 1.7325669 0.421315 1.7125669 1 P 0
L 0.411315 1.7325669 0.431315 1.7225669 1 P 0
L 0.411315 1.7634331 0.421315 1.7834331 1 P 0
L 0.411315 1.7634331 0.431315 1.7734331 1 P 0
L 0.411315 1.768 0.421315 1.748 1 P 0
L 0.411315 1.768 0.431315 1.758 1 P 0
L 0.411315 1.8034331 0.421315 1.7834331 1 P 0
L 0.411315 1.8034331 0.431315 1.7934331 1 P 0
L 0.431315 1.7025669 0.451315 1.6925669 1 P 0
L 0.431315 1.7225669 0.451315 1.7325669 1 P 0
L 0.431315 1.738 0.451315 1.728 1 P 0
L 0.431315 1.758 0.451315 1.768 1 P 0
L 0.431315 1.7734331 0.451315 1.7634331 1 P 0
L 0.431315 1.7934331 0.451315 1.8034331 1 P 0
L 0.4361756 0.254146 0.4361756 0.294146 1 P 0
L 0.4361756 0.254146 0.4761756 0.254146 1 P 0
L 0.4361756 0.294146 0.4761756 0.294146 1 P 0
L 0.441315 1.7125669 0.451315 1.6925669 1 P 0
L 0.441315 1.7125669 0.451315 1.7325669 1 P 0
L 0.441315 1.748 0.451315 1.728 1 P 0
L 0.441315 1.748 0.451315 1.768 1 P 0
L 0.441315 1.7834331 0.451315 1.7634331 1 P 0
L 0.441315 1.7834331 0.451315 1.8034331 1 P 0
L 0.4420157 1.6161299 0.4420157 1.6561299 1 P 0
L 0.4420157 1.6161299 0.4820157 1.6161299 1 P 0
L 0.4420157 1.6561299 0.4820157 1.6561299 1 P 0
L 0.4423099 0.3098248 0.4423099 0.3498248 1 P 0
L 0.4423099 0.3098248 0.4823099 0.3098248 1 P 0
L 0.4423099 0.3498248 0.4823099 0.3498248 1 P 0
L 0.4488331 0.6008579 0.4488331 0.6408579 1 P 0
L 0.4488331 0.6008579 0.4888331 0.6008579 1 P 0
L 0.4488331 0.6408579 0.4888331 0.6408579 1 P 0
L 0.450685 1.6925669 0.460685 1.7125669 1 P 0
L 0.450685 1.6925669 0.470685 1.7025669 1 P 0
L 0.450685 1.728 0.460685 1.748 1 P 0
L 0.450685 1.728 0.470685 1.738 1 P 0
L 0.450685 1.7325669 0.460685 1.7125669 1 P 0
L 0.450685 1.7325669 0.470685 1.7225669 1 P 0
L 0.450685 1.7634331 0.460685 1.7834331 1 P 0
L 0.450685 1.7634331 0.470685 1.7734331 1 P 0
L 0.450685 1.768 0.460685 1.748 1 P 0
L 0.450685 1.768 0.470685 1.758 1 P 0
L 0.450685 1.8034331 0.460685 1.7834331 1 P 0
L 0.450685 1.8034331 0.470685 1.7934331 1 P 0
L 0.451315 1.451 0.451315 1.491 1 P 0
L 0.470685 1.7025669 0.490685 1.6925669 1 P 0
L 0.470685 1.7225669 0.490685 1.7325669 1 P 0
L 0.470685 1.738 0.490685 1.728 1 P 0
L 0.470685 1.758 0.490685 1.768 1 P 0
L 0.470685 1.7734331 0.490685 1.7634331 1 P 0
L 0.470685 1.7934331 0.490685 1.8034331 1 P 0
L 0.4742214 0.2520324 0.4742214 0.2920324 1 P 0
L 0.4742214 0.2520324 0.5142214 0.2520324 1 P 0
L 0.4742214 0.2920324 0.5142214 0.2920324 1 P 0
L 0.4761756 0.254146 0.4761756 0.294146 1 P 0
L 0.480685 1.7125669 0.490685 1.6925669 1 P 0
L 0.480685 1.7125669 0.490685 1.7325669 1 P 0
L 0.480685 1.748 0.490685 1.728 1 P 0
L 0.480685 1.748 0.490685 1.768 1 P 0
L 0.480685 1.7834331 0.490685 1.7634331 1 P 0
L 0.480685 1.7834331 0.490685 1.8034331 1 P 0
L 0.4820157 1.6161299 0.4820157 1.6561299 1 P 0
L 0.4823099 0.3098248 0.4823099 0.3498248 1 P 0
L 0.4888331 0.6008579 0.4888331 0.6408579 1 P 0
L 0.495495 2.0204496 0.495495 2.0604496 1 P 0
L 0.495495 2.0204496 0.535495 2.0204496 1 P 0
L 0.495495 2.0604496 0.535495 2.0604496 1 P 0
L 0.5041421 2.112 0.5041421 2.152 1 P 0
L 0.5041421 2.112 0.5441421 2.112 1 P 0
L 0.5041421 2.152 0.5441421 2.152 1 P 0
L 0.5142214 0.2520324 0.5142214 0.2920324 1 P 0
L 0.5152165 0.2415039 0.5152165 0.2815039 1 P 0
L 0.5152165 0.2415039 0.5552165 0.2415039 1 P 0
L 0.5152165 0.2815039 0.5552165 0.2815039 1 P 0
L 0.517056 1.7191417 0.517056 1.7591417 1 P 0
L 0.517056 1.7191417 0.557056 1.7191417 1 P 0
L 0.517056 1.7591417 0.557056 1.7591417 1 P 0
L 0.535495 2.0204496 0.535495 2.0604496 1 P 0
L 0.5441421 2.112 0.5441421 2.152 1 P 0
L 0.5481804 0.503432 0.5481804 0.543432 1 P 0
L 0.5481804 0.503432 0.5881804 0.503432 1 P 0
L 0.5481804 0.543432 0.5881804 0.543432 1 P 0
L 0.5490947 0.5443348 0.5490947 0.5843348 1 P 0
L 0.5490947 0.5443348 0.5890947 0.5443348 1 P 0
L 0.5490947 0.5843348 0.5890947 0.5843348 1 P 0
L 0.5552165 0.2415039 0.5552165 0.2815039 1 P 0
L 0.5570062 0.24664 0.5570062 0.28664 1 P 0
L 0.5570062 0.24664 0.5970062 0.24664 1 P 0
L 0.5570062 0.28664 0.5970062 0.28664 1 P 0
L 0.557056 1.7191417 0.557056 1.7591417 1 P 0
L 0.5829709 0.6492848 0.5829709 0.6892848 1 P 0
L 0.5829709 0.6492848 0.6229709 0.6492848 1 P 0
L 0.5829709 0.6892848 0.6229709 0.6892848 1 P 0
L 0.5881804 0.503432 0.5881804 0.543432 1 P 0
L 0.5890947 0.5443348 0.5890947 0.5843348 1 P 0
L 0.5932266 0.5487812 0.5932266 0.5887812 1 P 0
L 0.5932266 0.5487812 0.6332266 0.5487812 1 P 0
L 0.5932266 0.5887812 0.6332266 0.5887812 1 P 0
L 0.5970062 0.24664 0.5970062 0.28664 1 P 0
L 0.6081043 0.5014888 0.6081043 0.5414888 1 P 0
L 0.6081043 0.5014888 0.6481043 0.5014888 1 P 0
L 0.6081043 0.5414888 0.6481043 0.5414888 1 P 0
L 0.6229709 0.6492848 0.6229709 0.6892848 1 P 0
L 0.6299339 2.1803016 0.6299339 2.2203016 1 P 0
L 0.6299339 2.1803016 0.6699339 2.1803016 1 P 0
L 0.6299339 2.2203016 0.6699339 2.2203016 1 P 0
L 0.6309446 0.2277244 0.6309446 0.2677244 1 P 0
L 0.6309446 0.2277244 0.6709446 0.2277244 1 P 0
L 0.6309446 0.2677244 0.6709446 0.2677244 1 P 0
L 0.632 0.6369332 0.632 0.6769332 1 P 0
L 0.632 0.6369332 0.672 0.6369332 1 P 0
L 0.632 0.6769332 0.672 0.6769332 1 P 0
L 0.6332266 0.5487812 0.6332266 0.5887812 1 P 0
L 0.6362762 0.5983588 0.6362762 0.6383588 1 P 0
L 0.6362762 0.5983588 0.6762762 0.5983588 1 P 0
L 0.6362762 0.6383588 0.6762762 0.6383588 1 P 0
L 0.6405556 2.2684604 0.6405556 2.3084604 1 P 0
L 0.6405556 2.2684604 0.6805556 2.2684604 1 P 0
L 0.6405556 2.3084604 0.6805556 2.3084604 1 P 0
L 0.6481043 0.5014888 0.6481043 0.5414888 1 P 0
L 0.6699339 2.1803016 0.6699339 2.2203016 1 P 0
L 0.6709446 0.2277244 0.6709446 0.2677244 1 P 0
L 0.672 0.6369332 0.672 0.6769332 1 P 0
L 0.6762762 0.5983588 0.6762762 0.6383588 1 P 0
L 0.6805556 2.2684604 0.6805556 2.3084604 1 P 0
L 0.7227802 0.317504 0.7227802 0.357504 1 P 0
L 0.7227802 0.317504 0.7627802 0.317504 1 P 0
L 0.7227802 0.357504 0.7627802 0.357504 1 P 0
L 0.7258464 1.284699 0.7258464 1.324699 1 P 0
L 0.7258464 1.284699 0.7658464 1.284699 1 P 0
L 0.7258464 1.324699 0.7658464 1.324699 1 P 0
L 0.7260158 0.632278 0.7260158 0.672278 1 P 0
L 0.7260158 0.632278 0.7660158 0.632278 1 P 0
L 0.7260158 0.672278 0.7660158 0.672278 1 P 0
L 0.7548287 0.5003316 0.7548287 0.5403316 1 P 0
L 0.7548287 0.5003316 0.7948287 0.5003316 1 P 0
L 0.7548287 0.5403316 0.7948287 0.5403316 1 P 0
L 0.7627802 0.317504 0.7627802 0.357504 1 P 0
L 0.7658464 1.284699 0.7658464 1.324699 1 P 0
L 0.7660158 0.632278 0.7660158 0.672278 1 P 0
L 0.7758287 0.6250629 0.7758287 0.6650629 1 P 0
L 0.7758287 0.6250629 0.8158287 0.6250629 1 P 0
L 0.7758287 0.6650629 0.8158287 0.6650629 1 P 0
L 0.7834703 0.2616124 0.7834703 0.3016124 1 P 0
L 0.7834703 0.2616124 0.8234703 0.2616124 1 P 0
L 0.7834703 0.3016124 0.8234703 0.3016124 1 P 0
L 0.7901424 0.3539196 0.7901424 0.3939196 1 P 0
L 0.7901424 0.3539196 0.8301424 0.3539196 1 P 0
L 0.7901424 0.3939196 0.8301424 0.3939196 1 P 0
L 0.7948287 0.5003316 0.7948287 0.5403316 1 P 0
L 0.7978688 2.2162936 0.7978688 2.2562936 1 P 0
L 0.7978688 2.2162936 0.8378688 2.2162936 1 P 0
L 0.7978688 2.2562936 0.8378688 2.2562936 1 P 0
L 0.8158287 0.6250629 0.8158287 0.6650629 1 P 0
L 0.8234703 0.2616124 0.8234703 0.3016124 1 P 0
L 0.8301424 0.3539196 0.8301424 0.3939196 1 P 0
L 0.835 0.6278012 0.835 0.6678012 1 P 0
L 0.835 0.6278012 0.875 0.6278012 1 P 0
L 0.835 0.6678012 0.875 0.6678012 1 P 0
L 0.8378688 2.2162936 0.8378688 2.2562936 1 P 0
L 0.8675786 2.2050938 0.8775786 2.2050938 1 P 0
L 0.8675786 2.2050938 0.8775786 2.2150938 1 P 0
L 0.8675786 2.2250938 0.8775786 2.2150938 1 P 0
L 0.8675786 2.2250938 0.8775786 2.2250938 1 P 0
L 0.875 0.6278012 0.875 0.6678012 1 P 0
L 0.8775786 2.2050938 0.8875786 2.1950938 1 P 0
L 0.8775786 2.2250938 0.8875786 2.2350938 1 P 0
L 0.8875786 2.1950938 0.8975786 2.2050938 1 P 0
L 0.8875786 2.2350938 0.8975786 2.2250938 1 P 0
L 0.888561 0.0788952 0.888561 0.1188952 1 P 0
L 0.888561 0.0788952 0.928561 0.0788952 1 P 0
L 0.888561 0.1188952 0.928561 0.1188952 1 P 0
L 0.8907787 0.379766 0.8907787 0.419766 1 P 0
L 0.8907787 0.379766 0.9307787 0.379766 1 P 0
L 0.8907787 0.419766 0.9307787 0.419766 1 P 0
L 0.8975786 2.2050938 0.9075786 2.2050938 1 P 0
L 0.8975786 2.2150938 0.9075786 2.2050938 1 P 0
L 0.8975786 2.2150938 0.9075786 2.2250938 1 P 0
L 0.8975786 2.2250938 0.9075786 2.2250938 1 P 0
L 0.8985205 1.452 0.8985205 1.492 1 P 0
L 0.8985205 1.452 0.9385205 1.452 1 P 0
L 0.8985205 1.492 0.9385205 1.492 1 P 0
L 0.921473 0.5695244 0.921473 0.6095244 1 P 0
L 0.921473 0.5695244 0.961473 0.5695244 1 P 0
L 0.921473 0.6095244 0.961473 0.6095244 1 P 0
L 0.928561 0.0788952 0.928561 0.1188952 1 P 0
L 0.9307787 0.379766 0.9307787 0.419766 1 P 0
L 0.9385205 1.452 0.9385205 1.492 1 P 0
L 0.961473 0.5695244 0.961473 0.6095244 1 P 0
L 0.9620668 1.295 0.9620668 1.335 1 P 0
L 0.9620668 1.295 1.0020668 1.295 1 P 0
L 0.9620668 1.335 1.0020668 1.335 1 P 0
L 0.964567 0.577 0.964567 0.617 1 P 0
L 0.964567 0.577 1.004567 0.577 1 P 0
L 0.964567 0.617 1.004567 0.617 1 P 0
L 0.9675786 2.2050938 0.9775786 2.2050938 1 P 0
L 0.9675786 2.2050938 0.9775786 2.2150938 1 P 0
L 0.9675786 2.2250938 0.9775786 2.2150938 1 P 0
L 0.9675786 2.2250938 0.9775786 2.2250938 1 P 0
L 0.9689753 0.2713334 0.9689753 0.3113334 1 P 0
L 0.9689753 0.2713334 1.0089753 0.2713334 1 P 0
L 0.9689753 0.3113334 1.0089753 0.3113334 1 P 0
L 0.9775786 2.2050938 0.9875786 2.1950938 1 P 0
L 0.9775786 2.2250938 0.9875786 2.2350938 1 P 0
L 0.9831044 1.860146 0.9831044 1.900146 1 P 0
L 0.9831044 1.860146 1.0231044 1.860146 1 P 0
L 0.9831044 1.900146 1.0231044 1.900146 1 P 0
L 0.985 1.5247875 0.985 1.5647875 1 P 0
L 0.985 1.5247875 1.025 1.5247875 1 P 0
L 0.985 1.5647875 1.025 1.5647875 1 P 0
L 0.9875786 2.1950938 0.9975786 2.2050938 1 P 0
L 0.9875786 2.2350938 0.9975786 2.2250938 1 P 0
L 0.9975786 2.2050938 1.0075786 2.2050938 1 P 0
L 0.9975786 2.2150938 1.0075786 2.2050938 1 P 0
L 0.9975786 2.2150938 1.0075786 2.2250938 1 P 0
L 0.9975786 2.2250938 1.0075786 2.2250938 1 P 0
L 0.9994778 0.1500092 0.9994778 0.1900092 1 P 0
L 0.9994778 0.1500092 1.0394778 0.1500092 1 P 0
L 0.9994778 0.1900092 1.0394778 0.1900092 1 P 0
L 1.0020668 1.295 1.0020668 1.335 1 P 0
L 1.002662 0.2014876 1.002662 0.2414876 1 P 0
L 1.002662 0.2014876 1.042662 0.2014876 1 P 0
L 1.002662 0.2414876 1.042662 0.2414876 1 P 0
L 1.004567 0.577 1.004567 0.617 1 P 0
L 1.0089753 0.2713334 1.0089753 0.3113334 1 P 0
L 1.0093109 0.645 1.0093109 0.685 1 P 0
L 1.0093109 0.645 1.0493109 0.645 1 P 0
L 1.0093109 0.685 1.0493109 0.685 1 P 0
L 1.0231044 1.860146 1.0231044 1.900146 1 P 0
L 1.025 1.5247875 1.025 1.5647875 1 P 0
L 1.0354331 1.5090882 1.0354331 1.5490882 1 P 0
L 1.0354331 1.5090882 1.0754331 1.5090882 1 P 0
L 1.0354331 1.5490882 1.0754331 1.5490882 1 P 0
L 1.0394778 0.1500092 1.0394778 0.1900092 1 P 0
L 1.042662 0.2014876 1.042662 0.2414876 1 P 0
L 1.0493109 0.645 1.0493109 0.685 1 P 0
L 1.0495632 0.4483396 1.0495632 0.4883396 1 P 0
L 1.0495632 0.4483396 1.0895632 0.4483396 1 P 0
L 1.0495632 0.4883396 1.0895632 0.4883396 1 P 0
L 1.0500644 0.4069032 1.0500644 0.4469032 1 P 0
L 1.0500644 0.4069032 1.0900644 0.4069032 1 P 0
L 1.0500644 0.4469032 1.0900644 0.4469032 1 P 0
L 1.051401 0.3698108 1.051401 0.4098108 1 P 0
L 1.051401 0.3698108 1.091401 0.3698108 1 P 0
L 1.051401 0.4098108 1.091401 0.4098108 1 P 0
L 1.0583484 0.6432404 1.0583484 0.6832404 1 P 0
L 1.0583484 0.6432404 1.0983484 0.6432404 1 P 0
L 1.0583484 0.6832404 1.0983484 0.6832404 1 P 0
L 1.0614533 0.3369535 1.0614533 0.3769535 1 P 0
L 1.0614533 0.3369535 1.1014533 0.3369535 1 P 0
L 1.0614533 0.3769535 1.1014533 0.3769535 1 P 0
L 1.0675786 2.2050938 1.0775786 2.2050938 1 P 0
L 1.0675786 2.2050938 1.0775786 2.2150938 1 P 0
L 1.0675786 2.2250938 1.0775786 2.2150938 1 P 0
L 1.0675786 2.2250938 1.0775786 2.2250938 1 P 0
L 1.073304 1.6950958 1.073304 1.7350958 1 P 0
L 1.073304 1.6950958 1.113304 1.6950958 1 P 0
L 1.073304 1.7350958 1.113304 1.7350958 1 P 0
L 1.0754331 1.5090882 1.0754331 1.5490882 1 P 0
L 1.0775786 2.2050938 1.0875786 2.1950938 1 P 0
L 1.0775786 2.2250938 1.0875786 2.2350938 1 P 0
L 1.0875786 2.1950938 1.0975786 2.2050938 1 P 0
L 1.0875786 2.2350938 1.0975786 2.2250938 1 P 0
L 1.0895632 0.4483396 1.0895632 0.4883396 1 P 0
L 1.0900644 0.4069032 1.0900644 0.4469032 1 P 0
L 1.091401 0.3698108 1.091401 0.4098108 1 P 0
L 1.0975786 2.2050938 1.1075786 2.2050938 1 P 0
L 1.0975786 2.2150938 1.1075786 2.2050938 1 P 0
L 1.0975786 2.2150938 1.1075786 2.2250938 1 P 0
L 1.0975786 2.2250938 1.1075786 2.2250938 1 P 0
L 1.0983484 0.6432404 1.0983484 0.6832404 1 P 0
L 1.1014533 0.3369535 1.1014533 0.3769535 1 P 0
L 1.113304 1.6950958 1.113304 1.7350958 1 P 0
L 1.1234656 0.123246 1.1234656 0.163246 1 P 0
L 1.1234656 0.123246 1.1634656 0.123246 1 P 0
L 1.1234656 0.163246 1.1634656 0.163246 1 P 0
L 1.1486592 2.2218304 1.1486592 2.2618304 1 P 0
L 1.1486592 2.2218304 1.1886592 2.2218304 1 P 0
L 1.1486592 2.2618304 1.1886592 2.2618304 1 P 0
L 1.1634656 0.123246 1.1634656 0.163246 1 P 0
L 1.1709252 0.1226976 1.1709252 0.1626976 1 P 0
L 1.1709252 0.1226976 1.2109252 0.1226976 1 P 0
L 1.1709252 0.1626976 1.2109252 0.1626976 1 P 0
L 1.1886592 2.2218304 1.1886592 2.2618304 1 P 0
L 1.2001196 1.2878396 1.2001196 1.3278396 1 P 0
L 1.2001196 1.2878396 1.2401196 1.2878396 1 P 0
L 1.2001196 1.3278396 1.2401196 1.3278396 1 P 0
L 1.203967 2.2229592 1.203967 2.2629592 1 P 0
L 1.203967 2.2229592 1.243967 2.2229592 1 P 0
L 1.203967 2.2629592 1.243967 2.2629592 1 P 0
L 1.2069487 2.148 1.2069487 2.188 1 P 0
L 1.2069487 2.148 1.2469487 2.148 1 P 0
L 1.2069487 2.188 1.2469487 2.188 1 P 0
L 1.2109252 0.1226976 1.2109252 0.1626976 1 P 0
L 1.2401196 1.2878396 1.2401196 1.3278396 1 P 0
L 1.243967 2.2229592 1.243967 2.2629592 1 P 0
L 1.2469487 2.148 1.2469487 2.188 1 P 0
L 1.2485827 1.6136379 1.2485827 1.6536379 1 P 0
L 1.2485827 1.6136379 1.2885827 1.6136379 1 P 0
L 1.2485827 1.6536379 1.2885827 1.6536379 1 P 0
L 1.2568508 0.668504 1.2568508 0.708504 1 P 0
L 1.2568508 0.668504 1.2968508 0.668504 1 P 0
L 1.2568508 0.708504 1.2968508 0.708504 1 P 0
L 1.2660472 2.2201376 1.2660472 2.2601376 1 P 0
L 1.2660472 2.2201376 1.3060472 2.2201376 1 P 0
L 1.2660472 2.2601376 1.3060472 2.2601376 1 P 0
L 1.2813618 1.64 1.2813618 1.68 1 P 0
L 1.2813618 1.64 1.3213618 1.64 1 P 0
L 1.2813618 1.68 1.3213618 1.68 1 P 0
L 1.2813618 1.9501427 1.2813618 1.9901427 1 P 0
L 1.2813618 1.9501427 1.3213618 1.9501427 1 P 0
L 1.2813618 1.9901427 1.3213618 1.9901427 1 P 0
L 1.2813618 2.0160605 1.2813618 2.0560605 1 P 0
L 1.2813618 2.0160605 1.3213618 2.0160605 1 P 0
L 1.2813618 2.0560605 1.3213618 2.0560605 1 P 0
L 1.2866568 1.5612118 1.2866568 1.6012118 1 P 0
L 1.2866568 1.5612118 1.3266568 1.5612118 1 P 0
L 1.2866568 1.6012118 1.3266568 1.6012118 1 P 0
L 1.2885827 1.6136379 1.2885827 1.6536379 1 P 0
L 1.2968508 0.668504 1.2968508 0.708504 1 P 0
L 1.3060472 2.2201376 1.3060472 2.2601376 1 P 0
L 1.3193272 0.1193976 1.3193272 0.1593976 1 P 0
L 1.3193272 0.1193976 1.3593272 0.1193976 1 P 0
L 1.3193272 0.1593976 1.3593272 0.1593976 1 P 0
L 1.3213618 1.64 1.3213618 1.68 1 P 0
L 1.3213618 1.9501427 1.3213618 1.9901427 1 P 0
L 1.3213618 2.0160605 1.3213618 2.0560605 1 P 0
L 1.3235669 0.8258579 1.3235669 0.8658579 1 P 0
L 1.3235669 0.8258579 1.3635669 0.8258579 1 P 0
L 1.3235669 0.8658579 1.3635669 0.8658579 1 P 0
L 1.3241752 0.6673564 1.3241752 0.7073564 1 P 0
L 1.3241752 0.6673564 1.3641752 0.6673564 1 P 0
L 1.3241752 0.7073564 1.3641752 0.7073564 1 P 0
L 1.3265438 1.9628768 1.3265438 2.0028768 1 P 0
L 1.3265438 1.9628768 1.3665438 1.9628768 1 P 0
L 1.3265438 2.0028768 1.3665438 2.0028768 1 P 0
L 1.3266568 1.5612118 1.3266568 1.6012118 1 P 0
L 1.3299264 1.9893224 1.3299264 2.0293224 1 P 0
L 1.3299264 1.9893224 1.3699264 1.9893224 1 P 0
L 1.3299264 2.0293224 1.3699264 2.0293224 1 P 0
L 1.3300546 0.096544 1.3300546 0.136544 1 P 0
L 1.3300546 0.096544 1.3700546 0.096544 1 P 0
L 1.3300546 0.136544 1.3700546 0.136544 1 P 0
L 1.3372522 0.886694 1.3372522 0.926694 1 P 0
L 1.3372522 0.886694 1.3772522 0.886694 1 P 0
L 1.3372522 0.926694 1.3772522 0.926694 1 P 0
L 1.3404249 1.6994566 1.3404249 1.7394566 1 P 0
L 1.3404249 1.6994566 1.3804249 1.6994566 1 P 0
L 1.3404249 1.7394566 1.3804249 1.7394566 1 P 0
L 1.3419882 2.0325432 1.3419882 2.0725432 1 P 0
L 1.3419882 2.0325432 1.3819882 2.0325432 1 P 0
L 1.3419882 2.0725432 1.3819882 2.0725432 1 P 0
L 1.3529084 0.1100696 1.3529084 0.1500696 1 P 0
L 1.3529084 0.1100696 1.3929084 0.1100696 1 P 0
L 1.3529084 0.1500696 1.3929084 0.1500696 1 P 0
L 1.3593272 0.1193976 1.3593272 0.1593976 1 P 0
L 1.3606772 1.7343752 1.3606772 1.7743752 1 P 0
L 1.3606772 1.7343752 1.4006772 1.7343752 1 P 0
L 1.3606772 1.7743752 1.4006772 1.7743752 1 P 0
L 1.3635669 0.8258579 1.3635669 0.8658579 1 P 0
L 1.3641752 0.6673564 1.3641752 0.7073564 1 P 0
L 1.3653149 1.6234803 1.3753149 1.6434803 1 P 0
L 1.3653149 1.6234803 1.3853149 1.6334803 1 P 0
L 1.3653149 1.6634803 1.3753149 1.6434803 1 P 0
L 1.3653149 1.6634803 1.3853149 1.6534803 1 P 0
L 1.365315 1.5841102 1.375315 1.6041102 1 P 0
L 1.365315 1.5841102 1.385315 1.5941102 1 P 0
L 1.365315 1.6241102 1.375315 1.6041102 1 P 0
L 1.365315 1.6241102 1.385315 1.6141102 1 P 0
L 1.3665438 1.9628768 1.3665438 2.0028768 1 P 0
L 1.3675916 1.7007916 1.3675916 1.7407916 1 P 0
L 1.3675916 1.7007916 1.4075916 1.7007916 1 P 0
L 1.3675916 1.7407916 1.4075916 1.7407916 1 P 0
L 1.3699264 1.9893224 1.3699264 2.0293224 1 P 0
L 1.3700546 0.096544 1.3700546 0.136544 1 P 0
L 1.370495 0.9020016 1.370495 0.9420016 1 P 0
L 1.370495 0.9020016 1.410495 0.9020016 1 P 0
L 1.370495 0.9420016 1.410495 0.9420016 1 P 0
L 1.3772522 0.886694 1.3772522 0.926694 1 P 0
L 1.3804249 1.6994566 1.3804249 1.7394566 1 P 0
L 1.3819882 2.0325432 1.3819882 2.0725432 1 P 0
L 1.385 1.6037954 1.395 1.6237954 1 P 0
L 1.385 1.6037954 1.405 1.6137954 1 P 0
L 1.385 1.6437954 1.395 1.6237954 1 P 0
L 1.385 1.6437954 1.405 1.6337954 1 P 0
L 1.3853149 1.6334803 1.4053149 1.6234803 1 P 0
L 1.3853149 1.6534803 1.4053149 1.6634803 1 P 0
L 1.385315 1.5941102 1.405315 1.5841102 1 P 0
L 1.385315 1.6141102 1.405315 1.6241102 1 P 0
L 1.389587 0.6665916 1.389587 0.7065916 1 P 0
L 1.389587 0.6665916 1.429587 0.6665916 1 P 0
L 1.389587 0.7065916 1.429587 0.7065916 1 P 0
L 1.3924808 0.8798648 1.3924808 0.9198648 1 P 0
L 1.3924808 0.8798648 1.4324808 0.8798648 1 P 0
L 1.3924808 0.9198648 1.4324808 0.9198648 1 P 0
L 1.3929084 0.1100696 1.3929084 0.1500696 1 P 0
L 1.3946568 1.7189559 1.3946568 1.7589559 1 P 0
L 1.3946568 1.7189559 1.4346568 1.7189559 1 P 0
L 1.3946568 1.7589559 1.4346568 1.7589559 1 P 0
L 1.3948426 1.491496 1.3948426 1.531496 1 P 0
L 1.3948426 1.491496 1.4348426 1.491496 1 P 0
L 1.3948426 1.531496 1.4348426 1.531496 1 P 0
L 1.3953149 1.6434803 1.4053149 1.6234803 1 P 0
L 1.3953149 1.6434803 1.4053149 1.6634803 1 P 0
L 1.395315 1.6041102 1.405315 1.5841102 1 P 0
L 1.395315 1.6041102 1.405315 1.6241102 1 P 0
L 1.4006772 1.7343752 1.4006772 1.7743752 1 P 0
L 1.404685 1.6234804 1.414685 1.6434804 1 P 0
L 1.404685 1.6234804 1.424685 1.6334804 1 P 0
L 1.404685 1.6634804 1.414685 1.6434804 1 P 0
L 1.404685 1.6634804 1.424685 1.6534804 1 P 0
L 1.4046851 1.5841103 1.4146851 1.6041103 1 P 0
L 1.4046851 1.5841103 1.4246851 1.5941103 1 P 0
L 1.4046851 1.6241103 1.4146851 1.6041103 1 P 0
L 1.4046851 1.6241103 1.4246851 1.6141103 1 P 0
L 1.405 1.6137954 1.425 1.6037954 1 P 0
L 1.405 1.6337954 1.425 1.6437954 1 P 0
L 1.4075916 1.7007916 1.4075916 1.7407916 1 P 0
L 1.410495 0.9020016 1.410495 0.9420016 1 P 0
L 1.415 1.6237954 1.425 1.6037954 1 P 0
L 1.415 1.6237954 1.425 1.6437954 1 P 0
L 1.4233858 1.9833305 1.4333858 2.0033305 1 P 0
L 1.4233858 1.9833305 1.4433858 1.9933305 1 P 0
L 1.4233858 2.0233305 1.4333858 2.0033305 1 P 0
L 1.4233858 2.0233305 1.4433858 2.0133305 1 P 0
L 1.4233858 2.0423857 1.4333858 2.0623857 1 P 0
L 1.4233858 2.0423857 1.4433858 2.0523857 1 P 0
L 1.4233858 2.0823857 1.4333858 2.0623857 1 P 0
L 1.4233858 2.0823857 1.4433858 2.0723857 1 P 0
L 1.424685 1.6334804 1.444685 1.6234804 1 P 0
L 1.424685 1.6534804 1.444685 1.6634804 1 P 0
L 1.4246851 1.5941103 1.4446851 1.5841103 1 P 0
L 1.4246851 1.6141103 1.4446851 1.6241103 1 P 0
L 1.429587 0.6665916 1.429587 0.7065916 1 P 0
L 1.4324808 0.8798648 1.4324808 0.9198648 1 P 0
L 1.4340142 1.7399696 1.4340142 1.7799696 1 P 0
L 1.4340142 1.7399696 1.4740142 1.7399696 1 P 0
L 1.4340142 1.7799696 1.4740142 1.7799696 1 P 0
L 1.4346568 1.7189559 1.4346568 1.7589559 1 P 0
L 1.434685 1.6434804 1.444685 1.6234804 1 P 0
L 1.434685 1.6434804 1.444685 1.6634804 1 P 0
L 1.4346851 1.6041103 1.4446851 1.5841103 1 P 0
L 1.4346851 1.6041103 1.4446851 1.6241103 1 P 0
L 1.4348426 1.491496 1.4348426 1.531496 1 P 0
L 1.4430708 2.0128581 1.4530708 2.0328581 1 P 0
L 1.4430708 2.0128581 1.4630708 2.0228581 1 P 0
L 1.4430708 2.0528581 1.4530708 2.0328581 1 P 0
L 1.4430708 2.0528581 1.4630708 2.0428581 1 P 0
L 1.4430709 1.385 1.4430709 1.425 1 P 0
L 1.4430709 1.385 1.4830709 1.385 1 P 0
L 1.4430709 1.425 1.4830709 1.425 1 P 0
L 1.4433858 1.9933305 1.4633858 1.9833305 1 P 0
L 1.4433858 2.0133305 1.4633858 2.0233305 1 P 0
L 1.4433858 2.0523857 1.4633858 2.0423857 1 P 0
L 1.4433858 2.0723857 1.4633858 2.0823857 1 P 0
L 1.4533858 2.0033305 1.4633858 1.9833305 1 P 0
L 1.4533858 2.0033305 1.4633858 2.0233305 1 P 0
L 1.4533858 2.0623857 1.4633858 2.0423857 1 P 0
L 1.4533858 2.0623857 1.4633858 2.0823857 1 P 0
L 1.460916 0.7090588 1.460916 0.7490588 1 P 0
L 1.460916 0.7090588 1.500916 0.7090588 1 P 0
L 1.460916 0.7490588 1.500916 0.7490588 1 P 0
L 1.4627558 1.9833305 1.4727558 2.0033305 1 P 0
L 1.4627558 1.9833305 1.4827558 1.9933305 1 P 0
L 1.4627558 2.0233305 1.4727558 2.0033305 1 P 0
L 1.4627558 2.0233305 1.4827558 2.0133305 1 P 0
L 1.4627558 2.0423857 1.4727558 2.0623857 1 P 0
L 1.4627558 2.0423857 1.4827558 2.0523857 1 P 0
L 1.4627558 2.0823857 1.4727558 2.0623857 1 P 0
L 1.4627558 2.0823857 1.4827558 2.0723857 1 P 0
L 1.4630708 2.0228581 1.4830708 2.0128581 1 P 0
L 1.4630708 2.0428581 1.4830708 2.0528581 1 P 0
L 1.4682874 0.122641 1.4682874 0.162641 1 P 0
L 1.4682874 0.122641 1.5082874 0.122641 1 P 0
L 1.4682874 0.162641 1.5082874 0.162641 1 P 0
L 1.4693929 2.1341615 1.4693929 2.1741615 1 P 0
L 1.4693929 2.1341615 1.5093929 2.1341615 1 P 0
L 1.4693929 2.1741615 1.5093929 2.1741615 1 P 0
L 1.4730708 2.0328581 1.4830708 2.0128581 1 P 0
L 1.4730708 2.0328581 1.4830708 2.0528581 1 P 0
L 1.4740142 1.7399696 1.4740142 1.7799696 1 P 0
L 1.4749696 1.0021004 1.4749696 1.0421004 1 P 0
L 1.4749696 1.0021004 1.5149696 1.0021004 1 P 0
L 1.4749696 1.0421004 1.5149696 1.0421004 1 P 0
L 1.47578 0.9655888 1.47578 1.0055888 1 P 0
L 1.47578 0.9655888 1.51578 0.9655888 1 P 0
L 1.47578 1.0055888 1.51578 1.0055888 1 P 0
L 1.4778194 0.9261604 1.4778194 0.9661604 1 P 0
L 1.4778194 0.9261604 1.5178194 0.9261604 1 P 0
L 1.4778194 0.9661604 1.5178194 0.9661604 1 P 0
L 1.4808579 0.82 1.4808579 0.86 1 P 0
L 1.4808579 0.82 1.5208579 0.82 1 P 0
L 1.4808579 0.86 1.5208579 0.86 1 P 0
L 1.4827558 1.9933305 1.5027558 1.9833305 1 P 0
L 1.4827558 2.0133305 1.5027558 2.0233305 1 P 0
L 1.4827558 2.0523857 1.5027558 2.0423857 1 P 0
L 1.4827558 2.0723857 1.5027558 2.0823857 1 P 0
L 1.4830709 1.385 1.4830709 1.425 1 P 0
L 1.485405 2.176748 1.485405 2.216748 1 P 0
L 1.485405 2.176748 1.525405 2.176748 1 P 0
L 1.485405 2.216748 1.525405 2.216748 1 P 0
L 1.4927558 2.0033305 1.5027558 1.9833305 1 P 0
L 1.4927558 2.0033305 1.5027558 2.0233305 1 P 0
L 1.4927558 2.0623857 1.5027558 2.0423857 1 P 0
L 1.4927558 2.0623857 1.5027558 2.0823857 1 P 0
L 1.4944348 1.0380688 1.4944348 1.0780688 1 P 0
L 1.4944348 1.0380688 1.5344348 1.0380688 1 P 0
L 1.4944348 1.0780688 1.5344348 1.0780688 1 P 0
L 1.4978202 1.0029464 1.4978202 1.0429464 1 P 0
L 1.4978202 1.0029464 1.5378202 1.0029464 1 P 0
L 1.4978202 1.0429464 1.5378202 1.0429464 1 P 0
L 1.500916 0.7090588 1.500916 0.7490588 1 P 0
L 1.5043088 1.404794 1.5043088 1.444794 1 P 0
L 1.5043088 1.404794 1.5443088 1.404794 1 P 0
L 1.5043088 1.444794 1.5443088 1.444794 1 P 0
L 1.5082874 0.122641 1.5082874 0.162641 1 P 0
L 1.5093929 2.1341615 1.5093929 2.1741615 1 P 0
L 1.5129782 1.5945688 1.5129782 1.6345688 1 P 0
L 1.5129782 1.5945688 1.5529782 1.5945688 1 P 0
L 1.5129782 1.6345688 1.5529782 1.6345688 1 P 0
L 1.5149696 1.0021004 1.5149696 1.0421004 1 P 0
L 1.51578 0.9655888 1.51578 1.0055888 1 P 0
L 1.5178194 0.9261604 1.5178194 0.9661604 1 P 0
L 1.5208579 0.82 1.5208579 0.86 1 P 0
L 1.525405 2.176748 1.525405 2.216748 1 P 0
L 1.5344348 1.0380688 1.5344348 1.0780688 1 P 0
L 1.5346569 1.8204423 1.5346569 1.8604423 1 P 0
L 1.5346569 1.8204423 1.5746569 1.8204423 1 P 0
L 1.5346569 1.8604423 1.5746569 1.8604423 1 P 0
L 1.5378202 1.0029464 1.5378202 1.0429464 1 P 0
L 1.5443088 1.404794 1.5443088 1.444794 1 P 0
L 1.5529782 1.5945688 1.5529782 1.6345688 1 P 0
L 1.5531543 0.658 1.5531543 0.698 1 P 0
L 1.5531543 0.658 1.5931543 0.658 1 P 0
L 1.5531543 0.698 1.5931543 0.698 1 P 0
L 1.555 0.86 1.575 0.82 1 P 0
L 1.555 0.86 1.595 0.86 1 P 0
L 1.555 0.91 1.575 0.87 1 P 0
L 1.555 0.91 1.595 0.91 1 P 0
L 1.555 0.96 1.575 0.92 1 P 0
L 1.555 0.96 1.595 0.96 1 P 0
L 1.555 1.01 1.575 0.97 1 P 0
L 1.555 1.01 1.595 1.01 1 P 0
L 1.555 1.06 1.575 1.02 1 P 0
L 1.555 1.06 1.595 1.06 1 P 0
L 1.5650001 1.4300001 1.5650001 1.4700001 1 P 0
L 1.5650001 1.4300001 1.6050001 1.4300001 1 P 0
L 1.5650001 1.4700001 1.6050001 1.4700001 1 P 0
L 1.5746569 1.8204423 1.5746569 1.8604423 1 P 0
L 1.575 0.82 1.595 0.86 1 P 0
L 1.575 0.87 1.595 0.91 1 P 0
L 1.575 0.92 1.595 0.96 1 P 0
L 1.575 0.97 1.595 1.01 1 P 0
L 1.575 1.02 1.595 1.06 1 P 0
L 1.58 1.19 1.58 1.23 1 P 0
L 1.58 1.19 1.62 1.19 1 P 0
L 1.58 1.23 1.62 1.23 1 P 0
L 1.5931543 0.658 1.5931543 0.698 1 P 0
L 1.605 0.7751181 1.605 0.8151181 1 P 0
L 1.605 0.7751181 1.645 0.7751181 1 P 0
L 1.605 0.8151181 1.645 0.8151181 1 P 0
L 1.605 0.86 1.625 0.82 1 P 0
L 1.605 0.86 1.645 0.86 1 P 0
L 1.605 0.91 1.625 0.87 1 P 0
L 1.605 0.91 1.645 0.91 1 P 0
L 1.605 0.96 1.625 0.92 1 P 0
L 1.605 0.96 1.645 0.96 1 P 0
L 1.605 1.01 1.625 0.97 1 P 0
L 1.605 1.01 1.645 1.01 1 P 0
L 1.605 1.06 1.625 1.02 1 P 0
L 1.605 1.06 1.645 1.06 1 P 0
L 1.6050001 1.4300001 1.6050001 1.4700001 1 P 0
L 1.6148134 0.5568474 1.6148134 0.5968474 1 P 0
L 1.6148134 0.5568474 1.6548134 0.5568474 1 P 0
L 1.6148134 0.5968474 1.6548134 0.5968474 1 P 0
L 1.62 1.19 1.62 1.23 1 P 0
L 1.625 0.82 1.645 0.86 1 P 0
L 1.625 0.87 1.645 0.91 1 P 0
L 1.625 0.92 1.645 0.96 1 P 0
L 1.625 0.97 1.645 1.01 1 P 0
L 1.625 1.02 1.645 1.06 1 P 0
L 1.6307966 1.6554675 1.6307966 1.6954675 1 P 0
L 1.6307966 1.6554675 1.6707966 1.6554675 1 P 0
L 1.6307966 1.6954675 1.6707966 1.6954675 1 P 0
L 1.6339192 1.9146039 1.6339192 1.9546039 1 P 0
L 1.6339192 1.9146039 1.6739192 1.9146039 1 P 0
L 1.6339192 1.9546039 1.6739192 1.9546039 1 P 0
L 1.6420606 1.3197174 1.6420606 1.3597174 1 P 0
L 1.6420606 1.3197174 1.6820606 1.3197174 1 P 0
L 1.6420606 1.3597174 1.6820606 1.3597174 1 P 0
L 1.644793 0.1739734 1.644793 0.2139734 1 P 0
L 1.644793 0.1739734 1.684793 0.1739734 1 P 0
L 1.644793 0.2139734 1.684793 0.2139734 1 P 0
L 1.645 0.7751181 1.645 0.8151181 1 P 0
L 1.6548134 0.5568474 1.6548134 0.5968474 1 P 0
L 1.664614 1.3396187 1.664614 1.3796187 1 P 0
L 1.664614 1.3396187 1.704614 1.3396187 1 P 0
L 1.664614 1.3796187 1.704614 1.3796187 1 P 0
L 1.6658579 1.719145 1.6658579 1.759145 1 P 0
L 1.6658579 1.719145 1.7058579 1.719145 1 P 0
L 1.6658579 1.759145 1.7058579 1.759145 1 P 0
L 1.67 0.4763307 1.67 0.5163307 1 P 0
L 1.67 0.4763307 1.71 0.4763307 1 P 0
L 1.67 0.5163307 1.71 0.5163307 1 P 0
L 1.6707966 1.6554675 1.6707966 1.6954675 1 P 0
L 1.6739192 1.9146039 1.6739192 1.9546039 1 P 0
L 1.6771873 1.4253386 1.6771873 1.4653386 1 P 0
L 1.6771873 1.4253386 1.7171873 1.4253386 1 P 0
L 1.6771873 1.4653386 1.7171873 1.4653386 1 P 0
L 1.6820606 1.3197174 1.6820606 1.3597174 1 P 0
L 1.684793 0.1739734 1.684793 0.2139734 1 P 0
L 1.704614 1.3396187 1.704614 1.3796187 1 P 0
L 1.7058579 1.719145 1.7058579 1.759145 1 P 0
L 1.7082604 0.954342 1.7082604 0.994342 1 P 0
L 1.7082604 0.954342 1.7482604 0.954342 1 P 0
L 1.7082604 0.994342 1.7482604 0.994342 1 P 0
L 1.7096569 0.0945969 1.7096569 0.1345969 1 P 0
L 1.7096569 0.0945969 1.7496569 0.0945969 1 P 0
L 1.7096569 0.1345969 1.7496569 0.1345969 1 P 0
L 1.71 0.4763307 1.71 0.5163307 1 P 0
L 1.7171873 1.4253386 1.7171873 1.4653386 1 P 0
L 1.725 0.785 1.725 0.825 1 P 0
L 1.725 0.785 1.765 0.785 1 P 0
L 1.725 0.825 1.765 0.825 1 P 0
L 1.7482604 0.954342 1.7482604 0.994342 1 P 0
L 1.7486504 1.3140348 1.7586504 1.3340348 1 P 0
L 1.7486504 1.3140348 1.7686504 1.3240348 1 P 0
L 1.7486504 1.3455308 1.7586504 1.3655308 1 P 0
L 1.7486504 1.3455308 1.7686504 1.3555308 1 P 0
L 1.7486504 1.3540348 1.7586504 1.3340348 1 P 0
L 1.7486504 1.3540348 1.7686504 1.3440348 1 P 0
L 1.7486504 1.3855308 1.7586504 1.3655308 1 P 0
L 1.7486504 1.3855308 1.7686504 1.3755308 1 P 0
L 1.7496569 0.0945969 1.7496569 0.1345969 1 P 0
L 1.7564048 0.9536236 1.7564048 0.9936236 1 P 0
L 1.7564048 0.9536236 1.7964048 0.9536236 1 P 0
L 1.7564048 0.9936236 1.7964048 0.9936236 1 P 0
L 1.7610292 0.022962 1.7610292 0.062962 1 P 0
L 1.7610292 0.022962 1.8010292 0.022962 1 P 0
L 1.7610292 0.062962 1.8010292 0.062962 1 P 0
L 1.765 0.785 1.765 0.825 1 P 0
L 1.7686504 1.3240348 1.7886504 1.3140348 1 P 0
L 1.7686504 1.3440348 1.7886504 1.3540348 1 P 0
L 1.7686504 1.3555308 1.7886504 1.3455308 1 P 0
L 1.7686504 1.3755308 1.7886504 1.3855308 1 P 0
L 1.7786504 1.3340348 1.7886504 1.3140348 1 P 0
L 1.7786504 1.3340348 1.7886504 1.3540348 1 P 0
L 1.7786504 1.3655308 1.7886504 1.3455308 1 P 0
L 1.7786504 1.3655308 1.7886504 1.3855308 1 P 0
L 1.7964048 0.9536236 1.7964048 0.9936236 1 P 0
L 1.8010292 0.022962 1.8010292 0.062962 1 P 0
L 1.8174838 0.9536236 1.8174838 0.9936236 1 P 0
L 1.8174838 0.9536236 1.8574838 0.9536236 1 P 0
L 1.8174838 0.9936236 1.8574838 0.9936236 1 P 0
L 1.8201508 1.8911508 1.8201508 1.9311508 1 P 0
L 1.8201508 1.8911508 1.8601508 1.8911508 1 P 0
L 1.8201508 1.9311508 1.8601508 1.9311508 1 P 0
L 1.8249606 0.1681155 1.8249606 0.2081155 1 P 0
L 1.8249606 0.1681155 1.8649606 0.1681155 1 P 0
L 1.8249606 0.2081155 1.8649606 0.2081155 1 P 0
L 1.8484458 0.022962 1.8484458 0.062962 1 P 0
L 1.8484458 0.022962 1.8884458 0.022962 1 P 0
L 1.8484458 0.062962 1.8884458 0.062962 1 P 0
L 1.8501446 1.0236912 1.8501446 1.0636912 1 P 0
L 1.8501446 1.0236912 1.8901446 1.0236912 1 P 0
L 1.8501446 1.0636912 1.8901446 1.0636912 1 P 0
L 1.8574838 0.9536236 1.8574838 0.9936236 1 P 0
L 1.8601508 1.8911508 1.8601508 1.9311508 1 P 0
L 1.8601562 0.9319925 1.8601562 0.9719925 1 P 0
L 1.8601562 0.9319925 1.9001562 0.9319925 1 P 0
L 1.8601562 0.9719925 1.9001562 0.9719925 1 P 0
L 1.8649606 0.1681155 1.8649606 0.2081155 1 P 0
L 1.8690826 1.6152568 1.8690826 1.6552568 1 P 0
L 1.8690826 1.6152568 1.9090826 1.6152568 1 P 0
L 1.8690826 1.6552568 1.9090826 1.6552568 1 P 0
L 1.873089 0.4091108 1.873089 0.4491108 1 P 0
L 1.873089 0.4091108 1.913089 0.4091108 1 P 0
L 1.873089 0.4491108 1.913089 0.4491108 1 P 0
L 1.8884458 0.022962 1.8884458 0.062962 1 P 0
L 1.8901446 1.0236912 1.8901446 1.0636912 1 P 0
L 1.9001562 0.9319925 1.9001562 0.9719925 1 P 0
L 1.9090826 1.6152568 1.9090826 1.6552568 1 P 0
L 1.9104046 0.474048 1.9104046 0.514048 1 P 0
L 1.9104046 0.474048 1.9504046 0.474048 1 P 0
L 1.9104046 0.514048 1.9504046 0.514048 1 P 0
L 1.913089 0.4091108 1.913089 0.4491108 1 P 0
L 1.92641 1.0229059 1.92641 1.0629059 1 P 0
L 1.92641 1.0229059 1.96641 1.0229059 1 P 0
L 1.92641 1.0629059 1.96641 1.0629059 1 P 0
L 1.945 1.731 1.945 1.771 1 P 0
L 1.945 1.731 1.985 1.731 1 P 0
L 1.945 1.771 1.985 1.771 1 P 0
L 1.9504046 0.474048 1.9504046 0.514048 1 P 0
L 1.96641 1.0229059 1.96641 1.0629059 1 P 0
L 1.9723419 1.0232721 1.9723419 1.0632721 1 P 0
L 1.9723419 1.0232721 2.0123419 1.0232721 1 P 0
L 1.9723419 1.0632721 2.0123419 1.0632721 1 P 0
L 1.9776048 0.6630272 1.9776048 0.7030272 1 P 0
L 1.9776048 0.6630272 2.0176048 0.6630272 1 P 0
L 1.9776048 0.7030272 2.0176048 0.7030272 1 P 0
L 1.9778398 0.6942372 1.9778398 0.7342372 1 P 0
L 1.9778398 0.6942372 2.0178398 0.6942372 1 P 0
L 1.9778398 0.7342372 2.0178398 0.7342372 1 P 0
L 1.985 1.731 1.985 1.771 1 P 0
L 2.0111818 0.6942372 2.0111818 0.7342372 1 P 0
L 2.0111818 0.6942372 2.0511818 0.6942372 1 P 0
L 2.0111818 0.7342372 2.0511818 0.7342372 1 P 0
L 2.0123419 1.0232721 2.0123419 1.0632721 1 P 0
L 2.0145118 0.6624152 2.0145118 0.7024152 1 P 0
L 2.0145118 0.6624152 2.0545118 0.6624152 1 P 0
L 2.0145118 0.7024152 2.0545118 0.7024152 1 P 0
L 2.0176048 0.6630272 2.0176048 0.7030272 1 P 0
L 2.0178398 0.6942372 2.0178398 0.7342372 1 P 0
L 2.0399999 1.0220521 2.0399999 1.0620521 1 P 0
L 2.0399999 1.0220521 2.0799999 1.0220521 1 P 0
L 2.0399999 1.0620521 2.0799999 1.0620521 1 P 0
L 2.0399999 1.731 2.0399999 1.771 1 P 0
L 2.0399999 1.731 2.0799999 1.731 1 P 0
L 2.0399999 1.771 2.0799999 1.771 1 P 0
L 2.051011 0.6626192 2.051011 0.7026192 1 P 0
L 2.051011 0.6626192 2.091011 0.6626192 1 P 0
L 2.051011 0.7026192 2.091011 0.7026192 1 P 0
L 2.0511818 0.6942372 2.0511818 0.7342372 1 P 0
L 2.0514438 0.6904624 2.0514438 0.7304624 1 P 0
L 2.0514438 0.6904624 2.0914438 0.6904624 1 P 0
L 2.0514438 0.7304624 2.0914438 0.7304624 1 P 0
L 2.0545118 0.6624152 2.0545118 0.7024152 1 P 0
L 2.0799999 1.0220521 2.0799999 1.0620521 1 P 0
L 2.0799999 1.731 2.0799999 1.771 1 P 0
L 2.091011 0.6626192 2.091011 0.7026192 1 P 0
L 2.0914438 0.6904624 2.0914438 0.7304624 1 P 0
L 2.0992634 1.0332677 2.0992634 1.0732677 1 P 0
L 2.0992634 1.0332677 2.1392634 1.0332677 1 P 0
L 2.0992634 1.0732677 2.1392634 1.0732677 1 P 0
L 2.1392634 1.0332677 2.1392634 1.0732677 1 P 0
L 2.1443638 1.9010608 2.1443638 1.9410608 1 P 0
L 2.1443638 1.9010608 2.1843638 1.9010608 1 P 0
L 2.1443638 1.9410608 2.1843638 1.9410608 1 P 0
L 2.1447996 1.9517192 2.1447996 1.9917192 1 P 0
L 2.1447996 1.9517192 2.1847996 1.9517192 1 P 0
L 2.1447996 1.9917192 2.1847996 1.9917192 1 P 0
L 2.167 0.238 2.177 0.238 1 P 0
L 2.167 0.238 2.177 0.248 1 P 0
L 2.167 0.258 2.177 0.248 1 P 0
L 2.167 0.258 2.177 0.258 1 P 0
L 2.167 0.338 2.177 0.338 1 P 0
L 2.167 0.338 2.177 0.348 1 P 0
L 2.167 0.358 2.177 0.348 1 P 0
L 2.167 0.358 2.177 0.358 1 P 0
L 2.167 0.438 2.177 0.438 1 P 0
L 2.167 0.438 2.177 0.448 1 P 0
L 2.167 0.458 2.177 0.448 1 P 0
L 2.167 0.458 2.177 0.458 1 P 0
L 2.177 0.238 2.187 0.228 1 P 0
L 2.177 0.258 2.187 0.268 1 P 0
L 2.177 0.338 2.187 0.328 1 P 0
L 2.177 0.358 2.187 0.368 1 P 0
L 2.177 0.438 2.187 0.428 1 P 0
L 2.177 0.458 2.187 0.468 1 P 0
L 2.1843638 1.9010608 2.1843638 1.9410608 1 P 0
L 2.1847996 1.9517192 2.1847996 1.9917192 1 P 0
L 2.187 0.228 2.197 0.238 1 P 0
L 2.187 0.268 2.197 0.258 1 P 0
L 2.187 0.328 2.197 0.338 1 P 0
L 2.187 0.368 2.197 0.358 1 P 0
L 2.187 0.428 2.197 0.438 1 P 0
L 2.187 0.468 2.197 0.458 1 P 0
L 2.197 0.238 2.207 0.238 1 P 0
L 2.197 0.248 2.207 0.238 1 P 0
L 2.197 0.248 2.207 0.258 1 P 0
L 2.197 0.258 2.207 0.258 1 P 0
L 2.197 0.338 2.207 0.338 1 P 0
L 2.197 0.348 2.207 0.338 1 P 0
L 2.197 0.348 2.207 0.358 1 P 0
L 2.197 0.358 2.207 0.358 1 P 0
L 2.197 0.438 2.207 0.438 1 P 0
L 2.197 0.448 2.207 0.438 1 P 0
L 2.197 0.448 2.207 0.458 1 P 0
L 2.197 0.458 2.207 0.458 1 P 0
L 2.203 0.5509895 2.203 0.5909895 1 P 0
L 2.203 0.5509895 2.243 0.5509895 1 P 0
L 2.203 0.5909895 2.243 0.5909895 1 P 0
L 2.2145446 1.7727469 2.2145446 1.8127469 1 P 0
L 2.2145446 1.7727469 2.2545446 1.7727469 1 P 0
L 2.2145446 1.8127469 2.2545446 1.8127469 1 P 0
L 2.241005 2.0386936 2.241005 2.0786936 1 P 0
L 2.241005 2.0386936 2.281005 2.0386936 1 P 0
L 2.241005 2.0786936 2.281005 2.0786936 1 P 0
L 2.243 0.5509895 2.243 0.5909895 1 P 0
L 2.2545446 1.7727469 2.2545446 1.8127469 1 P 0
L 2.276728 2.0185128 2.276728 2.0585128 1 P 0
L 2.276728 2.0185128 2.316728 2.0185128 1 P 0
L 2.276728 2.0585128 2.316728 2.0585128 1 P 0
L 2.2773316 1.9711072 2.2773316 2.0111072 1 P 0
L 2.2773316 1.9711072 2.3173316 1.9711072 1 P 0
L 2.2773316 2.0111072 2.3173316 2.0111072 1 P 0
L 2.2778878 2.0563232 2.2778878 2.0963232 1 P 0
L 2.2778878 2.0563232 2.3178878 2.0563232 1 P 0
L 2.2778878 2.0963232 2.3178878 2.0963232 1 P 0
L 2.2786628 1.929704 2.2786628 1.969704 1 P 0
L 2.2786628 1.929704 2.3186628 1.929704 1 P 0
L 2.2786628 1.969704 2.3186628 1.969704 1 P 0
L 2.281005 2.0386936 2.281005 2.0786936 1 P 0
L 2.316728 2.0185128 2.316728 2.0585128 1 P 0
L 2.3173316 1.9711072 2.3173316 2.0111072 1 P 0
L 2.3178878 2.0563232 2.3178878 2.0963232 1 P 0
L 2.3186628 1.929704 2.3186628 1.969704 1 P 0
