#Layer_Color=9474304
#
#Feature symbol names
#
$0 r5

#
#Feature attribute names
#

#
#Layer features
#
L 0.0393701 0.0925196 0.1456693 0.0925196 0 P 0
L 0.0393701 2.269685 0.1456693 2.269685 0 P 0
L 0.0601339 1.874 0.0681339 1.874 0 P 0
L 0.0605905 1.951 0.0685905 1.951 0 P 0
L 0.0641339 1.87 0.0641339 1.878 0 P 0
L 0.0645905 1.947 0.0645905 1.955 0 P 0
L 0.0925197 0.03937 0.0925197 0.1456692 0 P 0
L 0.0925197 2.2165354 0.0925197 2.3228346 0 P 0
L 0.1864173 1.786 0.1944173 1.786 0 P 0
L 0.1875552 1.7037086 0.1955552 1.7037086 0 P 0
L 0.1904173 1.782 0.1904173 1.79 0 P 0
L 0.1915552 1.6997086 0.1915552 1.7077086 0 P 0
L 0.198 2.112 0.206 2.112 0 P 0
L 0.202 2.108 0.202 2.116 0 P 0
L 0.2224688 1.9020788 0.2304688 1.9020788 0 P 0
L 0.2224688 1.9583134 0.2304688 1.9583134 0 P 0
L 0.2252232 2.29 0.2332232 2.29 0 P 0
L 0.2264688 1.8980788 0.2264688 1.9060788 0 P 0
L 0.2264688 1.9543134 0.2264688 1.9623134 0 P 0
L 0.2292232 2.286 0.2292232 2.294 0 P 0
L 0.24285 2.1974803 0.25085 2.1974803 0 P 0
L 0.24685 2.1934803 0.24685 2.2014803 0 P 0
L 0.2505434 1.9020788 0.2585434 1.9020788 0 P 0
L 0.2505434 1.9583134 0.2585434 1.9583134 0 P 0
L 0.2545434 1.8980788 0.2545434 1.9060788 0 P 0
L 0.2545434 1.9543134 0.2545434 1.9623134 0 P 0
L 0.3063739 0.3217116 0.3143739 0.3217116 0 P 0
L 0.3063772 0.5900629 0.3143772 0.5900629 0 P 0
L 0.3103739 0.3177116 0.3103739 0.3257116 0 P 0
L 0.3103772 0.5860629 0.3103772 0.5940629 0 P 0
L 0.3135355 1.89 0.3215355 1.89 0 P 0
L 0.3158141 0.6538188 0.3238141 0.6538188 0 P 0
L 0.3166495 1.3115116 0.3246495 1.3115116 0 P 0
L 0.3175355 1.886 0.3175355 1.894 0 P 0
L 0.3198141 0.6498188 0.3198141 0.6578188 0 P 0
L 0.3206495 1.3075116 0.3206495 1.3155116 0 P 0
L 0.3426654 1.7416737 0.3506654 1.7416737 0 P 0
L 0.3466654 1.7376737 0.3466654 1.7456737 0 P 0
L 0.3608741 1.5447875 0.3688741 1.5447875 0 P 0
L 0.3616654 1.6317079 0.3696654 1.6317079 0 P 0
L 0.3648741 1.5407875 0.3648741 1.5487875 0 P 0
L 0.3656654 1.6277079 0.3656654 1.6357079 0 P 0
L 0.3844016 1.6552914 0.3924016 1.6552914 0 P 0
L 0.3884016 1.6512914 0.3884016 1.6592914 0 P 0
L 0.427315 1.471 0.435315 1.471 0 P 0
L 0.427378 1.7125669 0.435252 1.7125669 0 P 0
L 0.427378 1.748 0.435252 1.748 0 P 0
L 0.427378 1.7834331 0.435252 1.7834331 0 P 0
L 0.431315 1.467 0.431315 1.475 0 P 0
L 0.431315 1.7086299 0.431315 1.7165039 0 P 0
L 0.431315 1.744063 0.431315 1.751937 0 P 0
L 0.431315 1.7794961 0.431315 1.7873701 0 P 0
L 0.4521756 0.274146 0.4601756 0.274146 0 P 0
L 0.4561756 0.270146 0.4561756 0.278146 0 P 0
L 0.4580157 1.6361299 0.4660157 1.6361299 0 P 0
L 0.4583099 0.3298248 0.4663099 0.3298248 0 P 0
L 0.4620157 1.6321299 0.4620157 1.6401299 0 P 0
L 0.4623099 0.3258248 0.4623099 0.3338248 0 P 0
L 0.4648331 0.6208579 0.4728331 0.6208579 0 P 0
L 0.466748 1.7125669 0.474622 1.7125669 0 P 0
L 0.466748 1.748 0.474622 1.748 0 P 0
L 0.466748 1.7834331 0.474622 1.7834331 0 P 0
L 0.4688331 0.6168579 0.4688331 0.6248579 0 P 0
L 0.470685 1.7086299 0.470685 1.7165039 0 P 0
L 0.470685 1.744063 0.470685 1.751937 0 P 0
L 0.470685 1.7794961 0.470685 1.7873701 0 P 0
L 0.4902214 0.2720324 0.4982214 0.2720324 0 P 0
L 0.4942214 0.2680324 0.4942214 0.2760324 0 P 0
L 0.511495 2.0404496 0.519495 2.0404496 0 P 0
L 0.515495 2.0364496 0.515495 2.0444496 0 P 0
L 0.5201421 2.132 0.5281421 2.132 0 P 0
L 0.5241421 2.128 0.5241421 2.136 0 P 0
L 0.5312165 0.2615039 0.5392165 0.2615039 0 P 0
L 0.533056 1.7391417 0.541056 1.7391417 0 P 0
L 0.5352165 0.2575039 0.5352165 0.2655039 0 P 0
L 0.537056 1.7351417 0.537056 1.7431417 0 P 0
L 0.5641804 0.523432 0.5721804 0.523432 0 P 0
L 0.5650947 0.5643348 0.5730947 0.5643348 0 P 0
L 0.5681804 0.519432 0.5681804 0.527432 0 P 0
L 0.5690947 0.5603348 0.5690947 0.5683348 0 P 0
L 0.5730062 0.26664 0.5810062 0.26664 0 P 0
L 0.5770062 0.26264 0.5770062 0.27064 0 P 0
L 0.5989709 0.6692848 0.6069709 0.6692848 0 P 0
L 0.6029709 0.6652848 0.6029709 0.6732848 0 P 0
L 0.6092266 0.5687812 0.6172266 0.5687812 0 P 0
L 0.6132266 0.5647812 0.6132266 0.5727812 0 P 0
L 0.6241043 0.5214888 0.6321043 0.5214888 0 P 0
L 0.6281043 0.5174888 0.6281043 0.5254888 0 P 0
L 0.6459339 2.2003016 0.6539339 2.2003016 0 P 0
L 0.6469446 0.2477244 0.6549446 0.2477244 0 P 0
L 0.648 0.6569332 0.656 0.6569332 0 P 0
L 0.6499339 2.1963016 0.6499339 2.2043016 0 P 0
L 0.6509446 0.2437244 0.6509446 0.2517244 0 P 0
L 0.652 0.6529332 0.652 0.6609332 0 P 0
L 0.6522762 0.6183588 0.6602762 0.6183588 0 P 0
L 0.6562762 0.6143588 0.6562762 0.6223588 0 P 0
L 0.6565556 2.2884604 0.6645556 2.2884604 0 P 0
L 0.6605556 2.2844604 0.6605556 2.2924604 0 P 0
L 0.7387802 0.337504 0.7467802 0.337504 0 P 0
L 0.7418464 1.304699 0.7498464 1.304699 0 P 0
L 0.7420158 0.652278 0.7500158 0.652278 0 P 0
L 0.7427802 0.333504 0.7427802 0.341504 0 P 0
L 0.7458464 1.300699 0.7458464 1.308699 0 P 0
L 0.7460158 0.648278 0.7460158 0.656278 0 P 0
L 0.7708287 0.5203316 0.7788287 0.5203316 0 P 0
L 0.7748287 0.5163316 0.7748287 0.5243316 0 P 0
L 0.7918287 0.6450629 0.7998287 0.6450629 0 P 0
L 0.7958287 0.6410629 0.7958287 0.6490629 0 P 0
L 0.7994703 0.2816124 0.8074703 0.2816124 0 P 0
L 0.8034703 0.2776124 0.8034703 0.2856124 0 P 0
L 0.8061424 0.3739196 0.8141424 0.3739196 0 P 0
L 0.8101424 0.3699196 0.8101424 0.3779196 0 P 0
L 0.8138688 2.2362936 0.8218688 2.2362936 0 P 0
L 0.8178688 2.2322936 0.8178688 2.2402936 0 P 0
L 0.851 0.6478012 0.859 0.6478012 0 P 0
L 0.855 0.6438012 0.855 0.6518012 0 P 0
L 0.8625786 2.2150938 0.9125786 2.2150938 0 P 0
L 0.8875786 2.1900938 0.8875786 2.2400938 0 P 0
L 0.904561 0.0988952 0.912561 0.0988952 0 P 0
L 0.9067787 0.399766 0.9147787 0.399766 0 P 0
L 0.908561 0.0948952 0.908561 0.1028952 0 P 0
L 0.9107787 0.395766 0.9107787 0.403766 0 P 0
L 0.9145205 1.472 0.9225205 1.472 0 P 0
L 0.9185205 1.468 0.9185205 1.476 0 P 0
L 0.937473 0.5895244 0.945473 0.5895244 0 P 0
L 0.941473 0.5855244 0.941473 0.5935244 0 P 0
L 0.9625786 2.2150938 1.0125786 2.2150938 0 P 0
L 0.9780668 1.315 0.9860668 1.315 0 P 0
L 0.980567 0.597 0.988567 0.597 0 P 0
L 0.9820668 1.311 0.9820668 1.319 0 P 0
L 0.984567 0.593 0.984567 0.601 0 P 0
L 0.9849753 0.2913334 0.9929753 0.2913334 0 P 0
L 0.9875786 2.1900938 0.9875786 2.2400938 0 P 0
L 0.9889753 0.2873334 0.9889753 0.2953334 0 P 0
L 0.9991044 1.880146 1.0071044 1.880146 0 P 0
L 1.001 1.5447875 1.009 1.5447875 0 P 0
L 1.0031044 1.876146 1.0031044 1.884146 0 P 0
L 1.005 1.5407875 1.005 1.5487875 0 P 0
L 1.0154778 0.1700092 1.0234778 0.1700092 0 P 0
L 1.018662 0.2214876 1.026662 0.2214876 0 P 0
L 1.0194778 0.1660092 1.0194778 0.1740092 0 P 0
L 1.022662 0.2174876 1.022662 0.2254876 0 P 0
L 1.0253109 0.665 1.0333109 0.665 0 P 0
L 1.0293109 0.661 1.0293109 0.669 0 P 0
L 1.0514331 1.5290882 1.0594331 1.5290882 0 P 0
L 1.0554331 1.5250882 1.0554331 1.5330882 0 P 0
L 1.0625786 2.2150938 1.1125786 2.2150938 0 P 0
L 1.0655632 0.4683396 1.0735632 0.4683396 0 P 0
L 1.0660644 0.4269032 1.0740644 0.4269032 0 P 0
L 1.067401 0.3898108 1.075401 0.3898108 0 P 0
L 1.0695632 0.4643396 1.0695632 0.4723396 0 P 0
L 1.0700644 0.4229032 1.0700644 0.4309032 0 P 0
L 1.071401 0.3858108 1.071401 0.3938108 0 P 0
L 1.0743484 0.6632404 1.0823484 0.6632404 0 P 0
L 1.0774533 0.3569535 1.0854533 0.3569535 0 P 0
L 1.0783484 0.6592404 1.0783484 0.6672404 0 P 0
L 1.0814533 0.3529535 1.0814533 0.3609535 0 P 0
L 1.0875786 2.1900938 1.0875786 2.2400938 0 P 0
L 1.089304 1.7150958 1.097304 1.7150958 0 P 0
L 1.093304 1.7110958 1.093304 1.7190958 0 P 0
L 1.1394656 0.143246 1.1474656 0.143246 0 P 0
L 1.1434656 0.139246 1.1434656 0.147246 0 P 0
L 1.1646592 2.2418304 1.1726592 2.2418304 0 P 0
L 1.1686592 2.2378304 1.1686592 2.2458304 0 P 0
L 1.1869252 0.1426976 1.1949252 0.1426976 0 P 0
L 1.1909252 0.1386976 1.1909252 0.1466976 0 P 0
L 1.2161196 1.3078396 1.2241196 1.3078396 0 P 0
L 1.219967 2.2429592 1.227967 2.2429592 0 P 0
L 1.2201196 1.3038396 1.2201196 1.3118396 0 P 0
L 1.2229487 2.168 1.2309487 2.168 0 P 0
L 1.223967 2.2389592 1.223967 2.2469592 0 P 0
L 1.2269487 2.164 1.2269487 2.172 0 P 0
L 1.2645827 1.6336379 1.2725827 1.6336379 0 P 0
L 1.2685827 1.6296379 1.2685827 1.6376379 0 P 0
L 1.2728508 0.688504 1.2808508 0.688504 0 P 0
L 1.2768508 0.684504 1.2768508 0.692504 0 P 0
L 1.2820472 2.2401376 1.2900472 2.2401376 0 P 0
L 1.2860472 2.2361376 1.2860472 2.2441376 0 P 0
L 1.2973618 1.66 1.3053618 1.66 0 P 0
L 1.2973618 1.9701427 1.3053618 1.9701427 0 P 0
L 1.2973618 2.0360605 1.3053618 2.0360605 0 P 0
L 1.3013618 1.656 1.3013618 1.664 0 P 0
L 1.3013618 1.9661427 1.3013618 1.9741427 0 P 0
L 1.3013618 2.0320605 1.3013618 2.0400605 0 P 0
L 1.3026568 1.5812118 1.3106568 1.5812118 0 P 0
L 1.3066568 1.5772118 1.3066568 1.5852118 0 P 0
L 1.3353272 0.1393976 1.3433272 0.1393976 0 P 0
L 1.3393272 0.1353976 1.3393272 0.1433976 0 P 0
L 1.3395669 0.8458579 1.3475669 0.8458579 0 P 0
L 1.3401752 0.6873564 1.3481752 0.6873564 0 P 0
L 1.3425438 1.9828768 1.3505438 1.9828768 0 P 0
L 1.3435669 0.8418579 1.3435669 0.8498579 0 P 0
L 1.3441752 0.6833564 1.3441752 0.6913564 0 P 0
L 1.3459264 2.0093224 1.3539264 2.0093224 0 P 0
L 1.3460546 0.116544 1.3540546 0.116544 0 P 0
L 1.3465438 1.9788768 1.3465438 1.9868768 0 P 0
L 1.3499264 2.0053224 1.3499264 2.0133224 0 P 0
L 1.3500546 0.112544 1.3500546 0.120544 0 P 0
L 1.3532522 0.906694 1.3612522 0.906694 0 P 0
L 1.3564249 1.7194566 1.3644249 1.7194566 0 P 0
L 1.3572522 0.902694 1.3572522 0.910694 0 P 0
L 1.3579882 2.0525432 1.3659882 2.0525432 0 P 0
L 1.3604249 1.7154566 1.3604249 1.7234566 0 P 0
L 1.3619882 2.0485432 1.3619882 2.0565432 0 P 0
L 1.3689084 0.1300696 1.3769084 0.1300696 0 P 0
L 1.3729084 0.1260696 1.3729084 0.1340696 0 P 0
L 1.3766772 1.7543752 1.3846772 1.7543752 0 P 0
L 1.3806772 1.7503752 1.3806772 1.7583752 0 P 0
L 1.3813779 1.6434803 1.3892519 1.6434803 0 P 0
L 1.381378 1.6041102 1.389252 1.6041102 0 P 0
L 1.3835916 1.7207916 1.3915916 1.7207916 0 P 0
L 1.3853149 1.6395433 1.3853149 1.6474173 0 P 0
L 1.385315 1.6001732 1.385315 1.6080472 0 P 0
L 1.386495 0.9220016 1.394495 0.9220016 0 P 0
L 1.3875916 1.7167916 1.3875916 1.7247916 0 P 0
L 1.390495 0.9180016 1.390495 0.9260016 0 P 0
L 1.401063 1.6237954 1.408937 1.6237954 0 P 0
L 1.405 1.6198584 1.405 1.6277324 0 P 0
L 1.405587 0.6865916 1.413587 0.6865916 0 P 0
L 1.4084808 0.8998648 1.4164808 0.8998648 0 P 0
L 1.409587 0.6825916 1.409587 0.6905916 0 P 0
L 1.4106568 1.7389559 1.4186568 1.7389559 0 P 0
L 1.4108426 1.511496 1.4188426 1.511496 0 P 0
L 1.4124808 0.8958648 1.4124808 0.9038648 0 P 0
L 1.4146568 1.7349559 1.4146568 1.7429559 0 P 0
L 1.4148426 1.507496 1.4148426 1.515496 0 P 0
L 1.420748 1.6434804 1.428622 1.6434804 0 P 0
L 1.4207481 1.6041103 1.4286221 1.6041103 0 P 0
L 1.424685 1.6395434 1.424685 1.6474174 0 P 0
L 1.4246851 1.6001733 1.4246851 1.6080473 0 P 0
L 1.4394488 2.0033305 1.4473228 2.0033305 0 P 0
L 1.4394488 2.0623857 1.4473228 2.0623857 0 P 0
L 1.4433858 1.9993935 1.4433858 2.0072675 0 P 0
L 1.4433858 2.0584487 1.4433858 2.0663227 0 P 0
L 1.4500142 1.7599696 1.4580142 1.7599696 0 P 0
L 1.4540142 1.7559696 1.4540142 1.7639696 0 P 0
L 1.4590709 1.405 1.4670709 1.405 0 P 0
L 1.4591338 2.0328581 1.4670078 2.0328581 0 P 0
L 1.4630708 2.0289211 1.4630708 2.0367951 0 P 0
L 1.4630709 1.401 1.4630709 1.409 0 P 0
L 1.476916 0.7290588 1.484916 0.7290588 0 P 0
L 1.4788188 2.0033305 1.4866928 2.0033305 0 P 0
L 1.4788188 2.0623857 1.4866928 2.0623857 0 P 0
L 1.480916 0.7250588 1.480916 0.7330588 0 P 0
L 1.4827558 1.9993935 1.4827558 2.0072675 0 P 0
L 1.4827558 2.0584487 1.4827558 2.0663227 0 P 0
L 1.4842874 0.142641 1.4922874 0.142641 0 P 0
L 1.4853929 2.1541615 1.4933929 2.1541615 0 P 0
L 1.4882874 0.138641 1.4882874 0.146641 0 P 0
L 1.4893929 2.1501615 1.4893929 2.1581615 0 P 0
L 1.4909696 1.0221004 1.4989696 1.0221004 0 P 0
L 1.49178 0.9855888 1.49978 0.9855888 0 P 0
L 1.4938194 0.9461604 1.5018194 0.9461604 0 P 0
L 1.4949696 1.0181004 1.4949696 1.0261004 0 P 0
L 1.49578 0.9815888 1.49578 0.9895888 0 P 0
L 1.4968579 0.84 1.5048579 0.84 0 P 0
L 1.4978194 0.9421604 1.4978194 0.9501604 0 P 0
L 1.5008579 0.836 1.5008579 0.844 0 P 0
L 1.501405 2.196748 1.509405 2.196748 0 P 0
L 1.505405 2.192748 1.505405 2.200748 0 P 0
L 1.5104348 1.0580688 1.5184348 1.0580688 0 P 0
L 1.5138202 1.0229464 1.5218202 1.0229464 0 P 0
L 1.5144348 1.0540688 1.5144348 1.0620688 0 P 0
L 1.5178202 1.0189464 1.5178202 1.0269464 0 P 0
L 1.5203088 1.424794 1.5283088 1.424794 0 P 0
L 1.5243088 1.420794 1.5243088 1.428794 0 P 0
L 1.5289782 1.6145688 1.5369782 1.6145688 0 P 0
L 1.5329782 1.6105688 1.5329782 1.6185688 0 P 0
L 1.5506569 1.8404423 1.5586569 1.8404423 0 P 0
L 1.5546569 1.8364423 1.5546569 1.8444423 0 P 0
L 1.5622 0.84 1.5878 0.84 0 P 0
L 1.5622 0.89 1.5878 0.89 0 P 0
L 1.5622 0.94 1.5878 0.94 0 P 0
L 1.5622 0.99 1.5878 0.99 0 P 0
L 1.5622 1.04 1.5878 1.04 0 P 0
L 1.5691543 0.678 1.5771543 0.678 0 P 0
L 1.5731543 0.674 1.5731543 0.682 0 P 0
L 1.575 0.8272 1.575 0.8528 0 P 0
L 1.575 0.8772 1.575 0.9028 0 P 0
L 1.575 0.9272 1.575 0.9528 0 P 0
L 1.575 0.9772 1.575 1.0028 0 P 0
L 1.575 1.0272 1.575 1.0528 0 P 0
L 1.5810001 1.4500001 1.5890001 1.4500001 0 P 0
L 1.5850001 1.4460001 1.5850001 1.4540001 0 P 0
L 1.596 1.21 1.604 1.21 0 P 0
L 1.6 1.206 1.6 1.214 0 P 0
L 1.6122 0.84 1.6378 0.84 0 P 0
L 1.6122 0.89 1.6378 0.89 0 P 0
L 1.6122 0.94 1.6378 0.94 0 P 0
L 1.6122 0.99 1.6378 0.99 0 P 0
L 1.6122 1.04 1.6378 1.04 0 P 0
L 1.621 0.7951181 1.629 0.7951181 0 P 0
L 1.625 0.7911181 1.625 0.7991181 0 P 0
L 1.625 0.8272 1.625 0.8528 0 P 0
L 1.625 0.8772 1.625 0.9028 0 P 0
L 1.625 0.9272 1.625 0.9528 0 P 0
L 1.625 0.9772 1.625 1.0028 0 P 0
L 1.625 1.0272 1.625 1.0528 0 P 0
L 1.6308134 0.5768474 1.6388134 0.5768474 0 P 0
L 1.6348134 0.5728474 1.6348134 0.5808474 0 P 0
L 1.6467966 1.6754675 1.6547966 1.6754675 0 P 0
L 1.6499192 1.9346039 1.6579192 1.9346039 0 P 0
L 1.6507966 1.6714675 1.6507966 1.6794675 0 P 0
L 1.6539192 1.9306039 1.6539192 1.9386039 0 P 0
L 1.6580606 1.3397174 1.6660606 1.3397174 0 P 0
L 1.660793 0.1939734 1.668793 0.1939734 0 P 0
L 1.6620606 1.3357174 1.6620606 1.3437174 0 P 0
L 1.664793 0.1899734 1.664793 0.1979734 0 P 0
L 1.680614 1.3596187 1.688614 1.3596187 0 P 0
L 1.6818579 1.739145 1.6898579 1.739145 0 P 0
L 1.684614 1.3556187 1.684614 1.3636187 0 P 0
L 1.6858579 1.735145 1.6858579 1.743145 0 P 0
L 1.686 0.4963307 1.694 0.4963307 0 P 0
L 1.69 0.4923307 1.69 0.5003307 0 P 0
L 1.6931873 1.4453386 1.7011873 1.4453386 0 P 0
L 1.6971873 1.4413386 1.6971873 1.4493386 0 P 0
L 1.7242604 0.974342 1.7322604 0.974342 0 P 0
L 1.7256569 0.1145969 1.7336569 0.1145969 0 P 0
L 1.7282604 0.970342 1.7282604 0.978342 0 P 0
L 1.7296569 0.1105969 1.7296569 0.1185969 0 P 0
L 1.741 0.805 1.749 0.805 0 P 0
L 1.745 0.801 1.745 0.809 0 P 0
L 1.7647134 1.3340348 1.7725874 1.3340348 0 P 0
L 1.7647134 1.3655308 1.7725874 1.3655308 0 P 0
L 1.7686504 1.3300978 1.7686504 1.3379718 0 P 0
L 1.7686504 1.3615938 1.7686504 1.3694678 0 P 0
L 1.7724048 0.9736236 1.7804048 0.9736236 0 P 0
L 1.7764048 0.9696236 1.7764048 0.9776236 0 P 0
L 1.7770292 0.042962 1.7850292 0.042962 0 P 0
L 1.7810292 0.038962 1.7810292 0.046962 0 P 0
L 1.8334838 0.9736236 1.8414838 0.9736236 0 P 0
L 1.8361508 1.9111508 1.8441508 1.9111508 0 P 0
L 1.8374838 0.9696236 1.8374838 0.9776236 0 P 0
L 1.8401508 1.9071508 1.8401508 1.9151508 0 P 0
L 1.8409606 0.1881155 1.8489606 0.1881155 0 P 0
L 1.8449606 0.1841155 1.8449606 0.1921155 0 P 0
L 1.8644458 0.042962 1.8724458 0.042962 0 P 0
L 1.8661446 1.0436912 1.8741446 1.0436912 0 P 0
L 1.8684458 0.038962 1.8684458 0.046962 0 P 0
L 1.8701446 1.0396912 1.8701446 1.0476912 0 P 0
L 1.8761562 0.9519925 1.8841562 0.9519925 0 P 0
L 1.8801562 0.9479925 1.8801562 0.9559925 0 P 0
L 1.8850826 1.6352568 1.8930826 1.6352568 0 P 0
L 1.8890826 1.6312568 1.8890826 1.6392568 0 P 0
L 1.889089 0.4291108 1.897089 0.4291108 0 P 0
L 1.893089 0.4251108 1.893089 0.4331108 0 P 0
L 1.9264046 0.494048 1.9344046 0.494048 0 P 0
L 1.9304046 0.490048 1.9304046 0.498048 0 P 0
L 1.94241 1.0429059 1.95041 1.0429059 0 P 0
L 1.94641 1.0389059 1.94641 1.0469059 0 P 0
L 1.961 1.751 1.969 1.751 0 P 0
L 1.965 1.747 1.965 1.755 0 P 0
L 1.9883419 1.0432721 1.9963419 1.0432721 0 P 0
L 1.9923419 1.0392721 1.9923419 1.0472721 0 P 0
L 1.9936048 0.6830272 2.0016048 0.6830272 0 P 0
L 1.9938398 0.7142372 2.0018398 0.7142372 0 P 0
L 1.9976048 0.6790272 1.9976048 0.6870272 0 P 0
L 1.9978398 0.7102372 1.9978398 0.7182372 0 P 0
L 2.0271818 0.7142372 2.0351818 0.7142372 0 P 0
L 2.0305118 0.6824152 2.0385118 0.6824152 0 P 0
L 2.0311818 0.7102372 2.0311818 0.7182372 0 P 0
L 2.0345118 0.6784152 2.0345118 0.6864152 0 P 0
L 2.0559999 1.0420521 2.0639999 1.0420521 0 P 0
L 2.0559999 1.751 2.0639999 1.751 0 P 0
L 2.0599999 1.0380521 2.0599999 1.0460521 0 P 0
L 2.0599999 1.747 2.0599999 1.755 0 P 0
L 2.067011 0.6826192 2.075011 0.6826192 0 P 0
L 2.0674438 0.7104624 2.0754438 0.7104624 0 P 0
L 2.071011 0.6786192 2.071011 0.6866192 0 P 0
L 2.0714438 0.7064624 2.0714438 0.7144624 0 P 0
L 2.1152634 1.0532677 2.1232634 1.0532677 0 P 0
L 2.1192634 1.0492677 2.1192634 1.0572677 0 P 0
L 2.1603638 1.9210608 2.1683638 1.9210608 0 P 0
L 2.1607996 1.9717192 2.1687996 1.9717192 0 P 0
L 2.162 0.248 2.212 0.248 0 P 0
L 2.162 0.348 2.212 0.348 0 P 0
L 2.162 0.448 2.212 0.448 0 P 0
L 2.1643638 1.9170608 2.1643638 1.9250608 0 P 0
L 2.1647996 1.9677192 2.1647996 1.9757192 0 P 0
L 2.187 0.223 2.187 0.273 0 P 0
L 2.187 0.323 2.187 0.373 0 P 0
L 2.187 0.423 2.187 0.473 0 P 0
L 2.2165354 0.0925196 2.3228346 0.0925196 0 P 0
L 2.2165354 2.269685 2.3228346 2.269685 0 P 0
L 2.219 0.5709895 2.227 0.5709895 0 P 0
L 2.223 0.5669895 2.223 0.5749895 0 P 0
L 2.2305446 1.7927469 2.2385446 1.7927469 0 P 0
L 2.2345446 1.7887469 2.2345446 1.7967469 0 P 0
L 2.257005 2.0586936 2.265005 2.0586936 0 P 0
L 2.261005 2.0546936 2.261005 2.0626936 0 P 0
L 2.269685 0.03937 2.269685 0.1456692 0 P 0
L 2.269685 2.2165354 2.269685 2.3228346 0 P 0
L 2.292728 2.0385128 2.300728 2.0385128 0 P 0
L 2.2933316 1.9911072 2.3013316 1.9911072 0 P 0
L 2.2938878 2.0763232 2.3018878 2.0763232 0 P 0
L 2.2946628 1.949704 2.3026628 1.949704 0 P 0
L 2.296728 2.0345128 2.296728 2.0425128 0 P 0
L 2.2973316 1.9871072 2.2973316 1.9951072 0 P 0
L 2.2978878 2.0723232 2.2978878 2.0803232 0 P 0
L 2.2986628 1.945704 2.2986628 1.953704 0 P 0
